TIME 1
WIDTH 16
LENGTH 16
MINES 40
COUNTREVEALEDCELLS 0
ISFIRSTLEFTCLICK 1 
ISVICTORY 0
ISFAILURE 0
ISGAMERUNNING 1
MEM_CELL  0 1 1 2 9 1 0 0 0 1 1 1 1 9 2 9 2 3 9 3 2 2 1 1 2 3 9 2 2 2 4 2 9 9 2 2 9 2 3 9 4 9 9 2 1 9 2 9 2 2 1 1 2 9 4 9 9 4 3 1 1 1 2 1 1 2 1 2 3 5 9 5 4 9 1 0 0 1 1 1 9 2 9 2 9 9 9 3 9 2 1 0 0 1 9 1 1 2 1 2 2 3 2 2 1 1 0 0 0 1 1 1 0 0 1 2 2 1 0 0 0 0 0 0 0 1 1 1 0 0 1 9 9 2 2 1 1 1 2 2 1 1 9 2 0 0 1 2 3 9 2 9 1 1 9 9 1 1 2 9 1 1 0 0 1 1 3 2 2 1 2 2 1 0 1 1 9 1 0 0 0 0 1 9 1 0 0 1 1 1 0 0 1 1 0 0 0 0 1 1 1 0 0 1 9 1 0 0 0 0 0 0 0 0 0 0 0 0 0 1 1 1 1 1 0 0 0 0 0 0 0 1 1 1 1 2 2 1 1 9 0 0 0 0 0 0 0 1 9 1 1 9 9 1 1 1 
CELL  10 10 10 10 10 10 10 10 10 10 10 10 10 10 10 10 10 10 10 10 10 10 10 10 10 10 10 10 10 10 10 10 10 10 10 10 10 10 10 10 10 10 10 10 10 10 10 10 10 10 10 10 10 10 10 10 10 10 10 10 10 10 10 10 10 10 10 10 10 10 10 10 10 10 10 10 10 10 10 10 10 10 10 10 10 10 10 10 10 10 10 10 10 10 10 10 10 10 10 10 10 10 10 10 10 10 10 10 10 10 10 10 10 10 10 10 10 10 10 10 10 10 10 10 10 10 10 10 10 10 10 10 10 10 10 10 10 10 10 10 10 10 10 10 10 10 10 10 10 10 10 10 10 10 10 10 10 10 10 10 10 10 10 10 10 10 10 10 10 10 10 10 10 10 10 10 10 10 10 10 10 10 10 10 10 10 10 10 10 10 10 10 10 10 10 10 10 10 10 10 10 10 10 10 10 10 10 10 10 10 10 10 10 10 10 10 10 10 10 10 10 10 10 10 10 10 10 10 10 10 10 10 10 10 10 10 10 10 10 10 10 10 10 10 10 10 10 10 10 10 10 10 10 10 10 10 